------------------------------------------
STUDENT RESULT REPORT
------------------------------------------

Student ID      Name             S1-Minor    S1-Major  S2-Minor    S2-Major  S3-Minor    S3-Major  S4-Minor    S4-Major  S5-Minor    S5-Major    Total   Percent   Grade     CGPA
-----------------------------------------------------------------------------------------------------------------------------------------------------------------------------------------
25mcmi01        Aarav                35         55         38         52         36         50         34         58         37         51         446    89.20      +       9.00  
25mcmi02        Zoya                 15         25         18         30         12         22         16         28         14         24         204    40.80      F       0.00  
25mcmi03        Gurpreet             40         59         39         60         38         58         40         57         39         59         489    97.80      O       10.00 
25mcmi04        Kevin                28         45         26         42         30         48         27         40         29         44         359    71.80      B       7.00  
25mcmi05        Tenzin               10         18         12         22         9          15         11         20         13         19         149    29.80      F       0.00  
25mcmi06        Rishab               33         52         31         49         34         55         30         50         32         53         419    83.80      A       8.00  
25mcmi07        Fatima               22         38         20         35         24         40         21         37         23         39         299    59.80      D       5.00  
25mcmi08        Harbhajan            39         60         40         58         39         59         40         60         38         57         490    98.00      O       10.00 
25mcmi09        Mary                 25         40         27         43         26         41         24         38         28         42         334    66.80      B       7.00  
25mcmi10        Jinay                30         50         32         48         31         49         29         51         30         47         397    79.40      A       8.00  
25mcmi11        Arjun                36         54         34         56         35         53         37         55         36         52         448    89.60      +       9.00  
25mcmi12        Sarah                14         20         16         24         13         22         15         26         12         21         183    36.60      F       0.00  
25mcmi13        Mustafa              38         57         37         59         40         55         39         60         38         58         481    96.20      O       10.00 
25mcmi14        Angad                20         32         18         30         22         35         19         33         21         34         264    52.80      E       4.00  
25mcmi15        Rachel               31         49         29         51         32         47         30         52         33         48         402    80.40      A       8.00  
25mcmi16        Aniket               40         55         38         58         39         54         40         56         39         57         476    95.20      O       10.00 
25mcmi17        Omar                 24         41         22         39         25         43         23         40         26         42         325    65.00      B       7.00  
25mcmi18        Simran               37         53         35         55         38         52         36         54         37         56         453    90.60      O       10.00 
25mcmi19        Joseph               12         22         10         20         14         18         11         15         13         24         159    31.80      F       0.00  
25mcmi20        Arihant              29         46         27         44         30         47         28         45         31         43         370    74.00      B       7.00  
25mcmi21        Karthik              34         56         32         54         35         57         33         53         36         55         445    89.00      +       9.00  
25mcmi22        Sana                 19         31         21         34         18         28         20         35         22         30         258    51.60      E       4.00  
25mcmi23        Diljit               35         58         33         55         36         59         34         57         35         56         458    91.60      O       10.00 
25mcmi24        Grace                26         44         24         42         27         46         25         43         28         45         350    70.00      B       7.00  
25mcmi25        Padma                40         60         39         59         40         60         39         58         40         57         492    98.40      O       10.00 
25mcmi26        Ibrahim              23         37         21         35         24         39         22         36         25         38         300    60.00      C       6.00  
25mcmi27        Navjot               32         48         30         50         31         47         29         51         33         49         400    80.00      A       8.00  
25mcmi28        Peter                11         19         13         25         10         21         12         24         14         22         171    34.20      F       0.00  
25mcmi29        Shreyans             38         60         37         59         39         60         38         58         40         59         488    97.60      O       10.00 
25mcmi30        Lobsang              27         43         25         40         28         45         26         42         29         41         346    69.20      B       7.00  


--------------
STATISTICS
--------------

Total Students: 30
Class Average Percentage: 72.37%
Highest Percentage: 98.40%
Lowest Percentage: 29.80%

Grade Distribution: 
 O  (>= 90): 8 students
 A+ (85-90): 3 students
 A  (75-85): 4 students
 B+ (65-75): 6 students
 B  (60-65): 1 students
 C  (55-60): 1 students
 D  (50-55): 2 students
 F  (< 50 ): 5 students

------------------------------------------
