25mcmi01 Aarav 35 55 38 52 36 50 34 58 37 51
25mcmi02 Zoya 15 25 18 30 12 22 16 28 14 24
25mcmi03 Gurpreet 40 59 39 60 38 58 40 57 39 59
25mcmi04 Kevin 28 45 26 42 30 48 27 40 29 44
25mcmi05 Tenzin 10 18 12 22 09 15 11 20 13 19
25mcmi06 Rishab 33 52 31 49 34 55 30 50 32 53
25mcmi07 Fatima 22 38 20 35 24 40 21 37 23 39
25mcmi08 Harbhajan 39 60 40 58 39 59 40 60 38 57
25mcmi09 Mary 25 40 27 43 26 41 24 38 28 42
25mcmi10 Jinay 30 50 32 48 31 49 29 51 30 47
25mcmi11 Arjun 36 54 34 56 35 53 37 55 36 52
25mcmi12 Sarah 14 20 16 24 13 22 15 26 12 21
25mcmi13 Mustafa 38 57 37 59 40 55 39 60 38 58
25mcmi14 Angad 20 32 18 30 22 35 19 33 21 34
25mcmi15 Rachel 31 49 29 51 32 47 30 52 33 48
25mcmi16 Aniket 40 55 38 58 39 54 40 56 39 57
25mcmi17 Omar 24 41 22 39 25 43 23 40 26 42
25mcmi18 Simran 37 53 35 55 38 52 36 54 37 56
25mcmi19 Joseph 12 22 10 20 14 18 11 15 13 24
25mcmi20 Arihant 29 46 27 44 30 47 28 45 31 43
25mcmi21 Karthik 34 56 32 54 35 57 33 53 36 55
25mcmi22 Sana 19 31 21 34 18 28 20 35 22 30
25mcmi23 Diljit 35 58 33 55 36 59 34 57 35 56
25mcmi24 Grace 26 44 24 42 27 46 25 43 28 45
25mcmi25 Padma 40 60 39 59 40 60 39 58 40 57
25mcmi26 Ibrahim 23 37 21 35 24 39 22 36 25 38
25mcmi27 Navjot 32 48 30 50 31 47 29 51 33 49
25mcmi28 Peter 11 19 13 25 10 21 12 24 14 22
25mcmi29 Shreyans 38 60 37 59 39 60 38 58 40 59
25mcmi30 Lobsang 27 43 25 40 28 45 26 42 29 41